4.004519916663412;0.5220489501953125;0.7138671875;0.8604583740234375
4.204744916642085;-0.972412109375;1.8425750732421875;-0.010009765625
4.404970916628372;-0.4053955078125;-0.2345123291015625;0.194061279296875
4.605195916665252;-1.5449676513671875;2.3688507080078125;-0.19439697265625
4.8054219166515395;0.680450439453125;-0.2736053466796875;-0.3485260009765625
5.005642749951221;-0.62237548828125;3.591461181640625;-2.589202880859375
5.205868749995716;-0.295166015625;-0.3834991455078125;-0.1718597412109375
5.406093749974389;-5.74700927734375;2.4779510498046875;0.0984954833984375
5.606319749960676;0.8821258544921875;-0.43865966796875;-0.7151336669921875
5.806544749997556;-0.042266845703125;3.597991943359375;-2.420684814453125
6.006770291656721;-0.259185791015625;-0.313934326171875;-0.00274658203125
6.206995291635394;-6.1125335693359375;3.5980987548828125;1.142120361328125
6.407221291621681;1.156951904296875;-0.4581298828125;-0.927154541015625
6.607446291658562;-1.05615234375;4.6820220947265625;-4.1458587646484375
6.807671291637234;-0.293792724609375;-0.4841156005859375;0.414459228515625
7.007897624978796;-0.5296478271484375;1.89599609375;-0.935028076171875
7.208122624957468;0.0376129150390625;-0.4486236572265625;-0.99395751953125
7.408348625001963;-3.214324951171875;3.91241455078125;-0.0142364501953125
7.608573624980636;-0.1511993408203125;-0.5635986328125;0.2791748046875
7.808798624959309;-0.0843658447265625;0.2898406982421875;-0.0456085205078125
8.009025791659951;0.420928955078125;0.72686767578125;1.1895294189453125
8.209250791638624;-0.374847412109375;0.059112548828125;7.3404541015625
8.409475791617297;-0.20672607421875;-0.243743896484375;-0.291717529296875
8.609701791661792;0.216827392578125;0.3946685791015625;-0.272979736328125
8.809926791640464;0.486785888671875;0.4278106689453125;0.5715179443359375
9.010150916641578;-2.4225616455078125;-0.0589752197265625;-2.60211181640625
9.210376916627865;-2.6051025390625;2.265960693359375;-0.113739013671875
9.410601916664746;0.3636016845703125;-0.0362548828125;-1.3848419189453125
9.610826916643418;1.2509002685546875;1.0157012939453125;-0.6889495849609375
9.811052916629706;-0.5479583740234375;-1.29901123046875;-0.0779266357421875
10.011277374986093;-6.1677093505859375;0.630615234375;-0.131927490234375
10.211502374964766;1.7474365234375;-0.6685638427734375;-1.6969451904296875
10.411728374951053;1.533111572265625;3.1472015380859375;-4.3666229248046875
10.611953374987934;-0.2461090087890625;-0.4465179443359375;-0.958648681640625
10.812178374966606;-3.92730712890625;4.749481201171875;-0.1617279052734375
11.012403999979142;1.6117095947265625;-0.5017547607421875;-0.604949951171875
11.21262999996543;-0.7057342529296875;4.57220458984375;-3.914794921875
11.41285500000231;-0.3271331787109375;-0.8277587890625;0.967041015625
11.613080999988597;-0.651031494140625;1.8078460693359375;0.0791473388671875
11.81330599996727;0.4119415283203125;-0.410980224609375;-0.7570037841796875
12.013530750002246;-3.261016845703125;3.9395904541015625;0.9875335693359375
12.213755749980919;-0.3979339599609375;-1.070159912109375;0.1370697021484375
12.413981749967206;0.090301513671875;0.3876800537109375;-0.046905517578125
12.614206750004087;0.137237548828125;0.6318511962890625;0.59271240234375
12.814432749990374;-2.2897186279296875;1.7352752685546875;3.7925567626953125
13.014657166670077;-0.338714599609375;-0.983428955078125;0.085235595703125
13.21488216664875;0.1465606689453125;0.442779541015625;-0.275360107421875
13.415108166635036;1.1916656494140625;0.29461669921875;2.990692138671875
13.615333166671917;-2.095733642578125;0.60272216796875;4.713165283203125
13.815559166658204;-0.0548553466796875;-0.5765228271484375;-0.0192108154296875
14.01578537496971;0.087646484375;0.46624755859375;-0.32427978515625
14.21601037500659;0.032928466796875;-0.0952301025390625;4.1117706298828125
14.416236374992877;1.3725128173828125;-1.373504638671875;3.464019775390625
14.61646137497155;-0.232421875;-0.221343994140625;-0.30596923828125
14.816687374957837;0.078155517578125;0.26470947265625;-0.1501617431640625
15.016911749960855;0.23455810546875;0.44525146484375;1.2278289794921875
15.21713775000535;-2.5657501220703125;0.601715087890625;-4.2930145263671875
15.417363749991637;-0.331329345703125;0.08697509765625;-0.2266387939453125
15.61758874997031;0.1676025390625;0.1760711669921875;-0.0651397705078125
15.817814749956597;0.5768585205078125;0.1504974365234375;-0.37725830078125
16.018039874965325;-2.7003021240234375;-0.5787353515625;-2.686309814453125
16.218265874951612;-0.9780731201171875;0.653106689453125;-0.36297607421875
16.418490874988493;0.18743896484375;0.078338623046875;-0.0845794677734375
16.61871687497478;0.1663360595703125;0.677398681640625;0.69342041015625
16.818942874961067;-1.88690185546875;-0.47564697265625;-0.3105621337890625
17.019167541642673;-0.7777862548828125;0.59527587890625;-0.4413604736328125
17.21939354162896;0.180877685546875;0.09326171875;-0.1203155517578125
17.41961854166584;0.0966033935546875;0.0836334228515625;-1.000152587890625
17.619844541652128;-0.7610015869140625;0.3241424560546875;-0.07037353515625
17.820070541638415;-0.747222900390625;-0.119140625;-0.0998077392578125
18.020295666647144;-0.0797271728515625;1.05047607421875;-0.5318450927734375
18.22052166663343;0.2545318603515625;0.17523193359375;0.94232177734375
18.420747666619718;-0.201416015625;1.303436279296875;-0.5253753662109375
18.6209726666566;-0.752410888671875;0.3079833984375;0.1336212158203125
18.821198666642886;-1.378173828125;0.3866729736328125;-0.3629608154296875
19.021424125006888;0.0243988037109375;0.8659515380859375;-0.4423828125
19.22164912498556;-0.0236968994140625;0.270843505859375;0.1455078125
19.421875124971848;-0.5644683837890625;1.17156982421875;-0.525115966796875
19.62210012495052;-0.733612060546875;0.2906951904296875;-0.3303375244140625
19.822326124995016;-1.3314666748046875;0.556915283203125;-0.01873779296875
20.022552666661795;-1.72918701171875;0.998809814453125;-0.0897064208984375
20.222777666640468;-0.12506103515625;0.3281707763671875;-0.287200927734375
20.423003666626755;-2.603668212890625;0.3638916015625;-0.3878326416015625
20.62322966667125;-0.688262939453125;1.0175628662109375;-0.5186309814453125
20.823454666649923;-0.978668212890625;0.3394012451171875;0.2495880126953125
21.023681374965236;-1.251678466796875;0.3939056396484375;0.2193450927734375
21.223907374951523;-0.78912353515625;1.4742279052734375;-0.5324859619140625
21.424132374988403;-0.0999755859375;0.4908905029296875;0.125579833984375
21.62435837497469;-0.602203369140625;0.5125579833984375;0.1281890869140625
21.824584374960978;-0.646575927734375;0.672576904296875;-0.1928253173828125
22.024808249960188;-1.0969085693359375;0.189971923828125;-0.127532958984375
22.225034250004683;-1.107818603515625;0.474212646484375;-0.1679229736328125
22.42526024999097;-0.241607666015625;0.485595703125;-0.272552490234375
22.625485249969643;-0.38580322265625;0.3891448974609375;0.588958740234375
22.82571124995593;-0.12371826171875;0.724212646484375;-0.2180938720703125
23.025937250000425;-0.8977203369140625;0.4120330810546875;-0.287384033203125
23.226162249979097;-1.182708740234375;0.4625701904296875;-0.2104949951171875
23.426388249965385;-1.6475982666015625;0.9822998046875;-0.28228759765625
23.626614249951672;-0.3222808837890625;0.2642822265625;-0.089599609375
23.826839249988552;-2.3006744384765625;-1.0427398681640625;-0.144866943359375
24.0270656250068;-0.4294281005859375;0.839813232421875;-0.2751617431640625
24.22729062498547;-1.135040283203125;0.260345458984375;-0.241912841796875
24.42751662497176;-1.332122802734375;0.3868865966796875;-0.0582733154296875
24.62774162495043;-0.563232421875;0.8979339599609375;-0.2916107177734375
24.827967624994926;-0.140960693359375;0.5109100341796875;0.088623046875
25.028193874983117;-1.326629638671875;1.0431060791015625;-0.4681396484375
25.22841887496179;-0.534698486328125;0.584869384765625;-0.1749267578125
25.428644875006285;-0.8769989013671875;0.215423583984375;0.1608734130859375
25.628869874984957;-1.0498809814453125;0.3963165283203125;-0.2689971923828125
25.829095874971244;-0.3409271240234375;0.573516845703125;-0.3765411376953125
26.029321249981876;-0.394989013671875;0.3721771240234375;0.517181396484375
26.22954624996055;-0.0193328857421875;0.5084991455078125;-0.2456512451171875
26.429772250005044;-0.733978271484375;0.4265899658203125;-0.3079986572265625
26.62999824999133;-1.192413330078125;0.501312255859375;-0.3700103759765625
26.830223249970004;-1.555816650390625;0.736328125;-0.3174285888671875
27.03044962498825;-0.1569366455078125;0.357940673828125;-0.2013397216796875
27.230674624966923;-2.709381103515625;0.424774169921875;0.3911895751953125
27.43090062495321;-0.5181884765625;1.0705718994140625;-0.459625244140625
27.631126624997705;-1.099029541015625;0.2978515625;-0.155975341796875
27.831351624976378;-1.0349884033203125;0.457305908203125;-0.0831756591796875
28.031578249996528;-1.4733123779296875;1.2606964111328125;-0.2926788330078125
28.2318032499752;-0.48333740234375;0.420440673828125;0.045806884765625
28.432029249961488;-1.418212890625;0.24603271484375;0.1644287109375
28.632255250005983;-0.21063232421875;0.296875;-0.2270050048828125
28.832480249984656;-0.863861083984375;0.5697174072265625;-0.4792022705078125
29.032705499965232;-0.812042236328125;0.5923004150390625;-0.103240966796875
29.23293149995152;-0.802978515625;0.57916259765625;-0.237518310546875
29.4331564999884;-0.8948974609375;0.517852783203125;-0.2572784423828125
29.633382499974687;-0.871337890625;0.49261474609375;-0.11328125
29.83360749995336;-0.79217529296875;0.58099365234375;-0.1444854736328125
30.033833666646387;-0.8246307373046875;0.566802978515625;-0.138519287109375
30.23405866662506;-0.8052520751953125;0.573638916015625;-0.163330078125
30.434284666669555;-0.801116943359375;0.572845458984375;-0.16265869140625
30.634510666655842;-0.8194580078125;0.5605621337890625;-0.1593780517578125
30.834735666634515;-0.7983551025390625;0.5665740966796875;-0.157867431640625
31.034961541648954;-0.8158721923828125;0.5543212890625;-0.1623992919921875
31.23518754163524;-0.82086181640625;0.558349609375;-0.1508636474609375
31.43541254167212;-0.8195648193359375;0.5596923828125;-0.1526947021484375
31.63563854165841;-0.82086181640625;0.5594635009765625;-0.1477203369140625
31.835864541644696;-0.8238983154296875;0.553955078125;-0.1548614501953125
32.03609012498055;-0.833984375;0.5445556640625;-0.162384033203125
32.236316124966834;-0.8211669921875;0.5630340576171875;-0.1670684814453125
32.43654212495312;-0.819183349609375;0.5535888671875;-0.1725006103515625
32.636768124997616;-0.8321380615234375;0.5578155517578125;-0.1616973876953125
32.8369941249839;-0.826446533203125;0.5490570068359375;-0.1649932861328125