4.014519999967888;-0.2026824951171875;0.9615478515625;-0.171051025390625
4.214745499950368;-0.198638916015625;0.96661376953125;-0.1673431396484375
4.414970499987248;-0.198760986328125;0.9704742431640625;-0.1692962646484375
4.615195499965921;-0.1942901611328125;0.9640655517578125;-0.1780853271484375
4.815420500002801;-0.201751708984375;0.9719696044921875;-0.1841888427734375
5.015645499981474;-0.1915130615234375;0.9696502685546875;-0.1932373046875
5.215875374968164;-0.19268798828125;0.9598541259765625;-0.2092742919921875
5.416100375005044;-0.1996307373046875;0.9726104736328125;-0.197723388671875
5.616326374991331;-0.189239501953125;0.95623779296875;-0.1983489990234375
5.816551374970004;-0.2023468017578125;0.9589691162109375;-0.189361572265625
6.016776374948677;-0.2037811279296875;0.968780517578125;-0.2070159912109375
6.216996791656129;-0.1957244873046875;0.9555511474609375;-0.2016143798828125
6.417221791634802;-0.1896209716796875;0.96575927734375;-0.2080230712890625
6.617446791671682;-0.1901092529296875;0.958709716796875;-0.2042388916015625
6.817671791650355;-0.1956787109375;0.94683837890625;-0.1912078857421875
7.017896791629028;-0.1914215087890625;0.956451416015625;-0.2075958251953125
7.218122374964878;-0.183441162109375;0.9391021728515625;-0.208648681640625
7.418347375001758;-0.248291015625;0.965057373046875;-0.184906005859375
7.618572374980431;-0.2735137939453125;0.946441650390625;-0.198760986328125
7.818797374959104;-0.320037841796875;0.9518890380859375;-0.2229766845703125
8.019022374995984;-0.5285186767578125;1.1384735107421875;-0.004547119140625
8.219246374967042;0.1063690185546875;1.493072509765625;-0.2374725341796875
8.419471375003923;-0.244842529296875;0.601776123046875;-0.0624237060546875
8.619696374982595;-0.480712890625;0.871307373046875;0.7913665771484375
8.819921374961268;-0.160064697265625;4.25128173828125;1.80194091796875
9.020146374998149;-0.218902587890625;0.9208831787109375;-0.0588226318359375
9.22037224995438;-0.3778228759765625;0.861541748046875;-0.18536376953125
9.42059724999126;-0.591552734375;1.202911376953125;-0.61151123046875
9.620822249969933;0.187774658203125;0.7572479248046875;-0.160491943359375
9.821047249948606;0.117828369140625;0.3209381103515625;-0.0671844482421875
10.021272249985486;-0.0926055908203125;2.494232177734375;-1.193206787109375
10.221496874990407;-0.2209014892578125;0.625030517578125;-0.0955963134765625
10.421722874976695;-0.5225982666015625;0.855194091796875;-0.104583740234375
10.621947874955367;-0.9518280029296875;0.9910888671875;-0.3236846923828125
10.822172874992248;-0.0876617431640625;0.6690673828125;-0.54742431640625
11.02239787497092;0.0842742919921875;0.5141754150390625;0.0727996826171875
11.222624874964822;-0.59625244140625;1.8077239990234375;0.1262359619140625
11.422849875001702;-0.3301239013671875;0.881988525390625;-0.1910247802734375
11.623074874980375;-0.53509521484375;0.777374267578125;-0.117462158203125
11.823299874959048;-1.1888275146484375;0.68719482421875;-0.0624847412109375
12.023524874995928;-0.1709442138671875;0.928680419921875;-0.478546142578125
12.223750374978408;-0.176666259765625;0.5121917724609375;0.0540008544921875
12.423975374957081;-0.52081298828125;0.865814208984375;1.0746917724609375
12.624200374993961;-0.44158935546875;0.84381103515625;-0.1579437255859375
12.824425374972634;-1.0455322265625;0.4253997802734375;-0.2676544189453125
13.024650374951307;-1.0347137451171875;0.9041290283203125;0.031890869140625
13.224874541629106;-0.3860321044921875;0.848785400390625;-0.4654998779296875
13.425099541665986;0.001617431640625;0.5622711181640625;0.1352691650390625
13.625325541652273;-0.5496978759765625;0.8998260498046875;0.7800140380859375
13.825550541630946;-0.52117919921875;0.779266357421875;-0.2237091064453125
14.025775541667826;-0.9687652587890625;0.2993927001953125;-0.2797393798828125
14.226000499969814;-1.291473388671875;0.444244384765625;0.197418212890625
14.426225499948487;-0.277740478515625;0.7024993896484375;-0.4293670654296875
14.626450499985367;-0.096893310546875;0.4063873291015625;0.08087158203125
14.82667549996404;-0.930755615234375;1.291900634765625;-1.6391754150390625
15.02690050000092;-0.4850006103515625;0.63427734375;-0.1155548095703125
15.227129041624721;-0.8670196533203125;0.2855377197265625;-0.1371612548828125
15.427354041661602;-1.2467193603515625;0.466583251953125;-0.360870361328125
15.627579041640274;-0.200592041015625;0.4610137939453125;-0.3260040283203125
15.827804041618947;-0.14361572265625;0.44805908203125;0.336700439453125
16.028029041655827;-0.3333282470703125;0.9074554443359375;-0.5576629638671875
16.228254499961622;-0.7964019775390625;0.343658447265625;0.3929595947265625
16.428479499998502;-0.7972869873046875;0.5788421630859375;-0.1500091552734375
16.628704499977175;-0.849609375;0.78985595703125;0.079803466796875
16.828929499955848;-0.2475128173828125;0.4136962890625;-0.1788787841796875
17.02915449999273;-0.68023681640625;0.32049560546875;0.7728118896484375
17.229376541625243;-0.2519073486328125;0.45196533203125;-0.410186767578125
17.429601541662123;-0.926422119140625;0.44036865234375;0.5073394775390625
17.629826541640796;-1.0840911865234375;0.5627593994140625;-0.1013946533203125
17.83005154161947;-1.2518768310546875;0.8114013671875;-0.4135894775390625
18.03027654165635;-0.1349334716796875;0.3686676025390625;-0.211029052734375
18.230503999977373;-2.4291534423828125;0.69976806640625;1.1268310546875
18.430728999956045;-0.4350738525390625;0.769744873046875;-0.366546630859375
18.630953999992926;-0.9676361083984375;0.45819091796875;0.044525146484375
18.8311789999716;-1.076263427734375;0.5997314453125;-0.2715911865234375
19.03140399995027;-1.475250244140625;1.0402984619140625;-0.30633544921875
19.231625166663434;-0.2582855224609375;0.29705810546875;-0.212982177734375
19.431850166642107;-2.6175079345703125;-0.3355712890625;-0.2891693115234375
19.63207516662078;-0.469635009765625;0.9277801513671875;-0.3579254150390625
19.832299166650046;-1.124237060546875;0.2651214599609375;-0.375244140625
20.03252416662872;-1.0618438720703125;0.5862274169921875;-0.11297607421875
20.232748249953147;-1.0013885498046875;1.6944732666015625;-0.052764892578125
20.432973249990027;-0.4019927978515625;0.4670562744140625;0.2154388427734375
20.6331982499687;-1.012969970703125;-0.177978515625;0.23138427734375
20.83342325000558;-0.586395263671875;0.7860870361328125;-0.3704986572265625
21.03364724997664;-1.1668548583984375;0.35699462890625;-0.2368621826171875
21.233873041637708;-0.9661102294921875;0.700714111328125;0.4109344482421875
21.43409804161638;-0.784271240234375;1.3747406005859375;-0.0106353759765625
21.63432304165326;-0.2534332275390625;0.551361083984375;0.088470458984375
21.834548041631933;-0.33123779296875;-0.0511016845703125;0.4883575439453125
22.0347720416612;-0.72015380859375;0.8888092041015625;-0.43548583984375
22.23499791661743;-0.9507904052734375;0.299713134765625;-0.180206298828125
22.43522291665431;-1.0675048828125;0.392181396484375;0.1142425537109375
22.635447916632984;-0.684417724609375;1.1429443359375;-0.0260162353515625
22.83567191666225;-0.4039764404296875;0.503265380859375;0.1013031005859375
23.035896916640922;-0.7671356201171875;0.221923828125;0.41461181640625
23.236124499992002;-0.728607177734375;0.7556304931640625;-0.3285675048828125
23.436349499970675;-0.9370880126953125;0.373260498046875;-0.34283447265625
23.63657349999994;-1.0115966796875;0.530670166015625;-0.085418701171875
23.836798499978613;-0.8748016357421875;1.424652099609375;0.099700927734375
24.037023499957286;-0.59173583984375;0.4088592529296875;0.146636962890625
24.237247749988455;-1.0384368896484375;-0.16387939453125;0.11517333984375
24.437472749967128;-0.8065948486328125;0.803314208984375;-0.4319000244140625
24.63769775000401;-0.977508544921875;0.4671630859375;-0.498565673828125
24.83792274998268;-0.7974395751953125;0.480499267578125;-0.1617889404296875
25.03814674995374;-1.13775634765625;0.5059051513671875;0.0662841796875
25.238367791636847;-0.6450653076171875;0.5638580322265625;-0.438720703125
25.43859279161552;-0.6590728759765625;0.4488525390625;0.26007080078125
25.638816791644786;-0.62774658203125;0.41326904296875;0.133209228515625
25.83904179162346;-0.3717803955078125;0.3147430419921875;-0.494781494140625
26.03926679166034;-0.766876220703125;0.51507568359375;-0.23602294921875
26.239494249981362;-0.8235015869140625;0.396209716796875;0.0312957763671875
26.439719249960035;-1.13427734375;0.6305389404296875;-0.4403533935546875
26.639944249996915;-1.11126708984375;1.045379638671875;-0.1895294189453125
26.840169249975588;-0.8275909423828125;0.3113555908203125;-0.11968994140625
27.040393250004854;-1.79669189453125;0.0045928955078125;0.544464111328125
27.24061879166402;-0.2783355712890625;0.5639801025390625;-0.4502105712890625
27.440843791642692;-0.973602294921875;0.5214996337890625;-0.2562408447265625
27.641067791671958;-1.0988922119140625;0.580078125;-0.3318634033203125
27.84129279165063;-1.376007080078125;0.848724365234375;-0.2806854248046875
28.04151679162169;-0.3129119873046875;0.3831329345703125;-0.0797882080078125
28.241737291624304;-2.000732421875;0.36041259765625;0.9503326416015625
28.441962291661184;-0.1845245361328125;0.3303680419921875;-0.26336669921875
28.642186291632243;-0.718353271484375;0.475677490234375;-0.334930419921875
28.842411291669123;-1.1204071044921875;0.4998931884765625;-0.227935791015625
29.042636291647796;-1.079193115234375;0.7823638916015625;-0.2494049072265625
29.24286079162266;-0.3025054931640625;0.38214111328125;-0.171142578125
29.44308579165954;-1.2215728759765625;0.318695068359375;1.1313323974609375
29.643310791638214;-0.292449951171875;0.469482421875;-0.2298126220703125
29.84353479166748;-0.644500732421875;0.4515533447265625;-0.2663421630859375
30.043759791646153;-1.06011962890625;0.51605224609375;-0.2086181640625
30.24398437497439;-1.3060455322265625;0.534149169921875;-0.4864044189453125
30.44420937495306;-0.4820709228515625;0.514739990234375;-0.2126007080078125
30.64443437498994;-0.7035675048828125;0.2747955322265625;0.386016845703125
30.844658374961;-0.6497802734375;0.8279266357421875;-0.6139373779296875
31.04488337499788;-0.422760009765625;0.4254608154296875;-0.108642578125
31.245111749973148;-0.841583251953125;0.226287841796875;-0.145721435546875
31.445335750002414;-1.1976776123046875;0.508026123046875;-0.3259735107421875
31.645560749981087;-0.328094482421875;0.9462890625;0.015167236328125
31.845784749952145;-0.601715087890625;0.40594482421875;0.1032562255859375
32.046009749989025;-1.011871337890625;-0.0639190673828125;0.3899688720703125
32.24623312498443;-0.8406524658203125;0.9011077880859375;-0.43408203125
32.4464581249631;-1.1009063720703125;0.4341583251953125;-0.248504638671875
32.64668312499998;-0.900665283203125;0.5511627197265625;-0.257537841796875
32.84690712497104;-1.0098876953125;0.3848114013671875;-0.3897705078125
33.04713212494971;-0.4725341796875;0.437408447265625;-0.2245025634765625
33.247354624967556;-0.635589599609375;0.06280517578125;0.4094390869140625
33.44757862499682;-0.91851806640625;1.4578399658203125;-0.2312469482421875
33.647803624975495;-1.2574310302734375;0.72119140625;0.0969085693359375
33.84802762500476;-0.8949737548828125;-0.014251708984375;0.292449951171875
34.048252624983434;-1.57647705078125;1.1153717041015625;0.3084716796875
34.24848187499447;0.0555419921875;0.073699951171875;-0.414794921875
34.448705874965526;0.2626953125;0.0818939208984375;0.097015380859375
34.64893087500241;-2.7283782958984375;-0.4508514404296875;5.21905517578125
34.849154874973465;-0.02581787109375;-0.1014404296875;0.0710296630859375
35.04937987495214;-0.315887451171875;0.20025634765625;0.0647430419921875
35.24959979165578;0.7676239013671875;0.6094207763671875;1.7160491943359375
35.44982379162684;-3.4869384765625;2.3153533935546875;2.714263916015625
35.65004879166372;-0.0290069580078125;-0.5177459716796875;0.20574951171875
35.85027279163478;-0.0471343994140625;0.216827392578125;0.111663818359375
36.05049779167166;0.048980712890625;0.21502685546875;0.0801544189453125
36.25072341662599;-1.2897491455078125;0.960052490234375;7.0670318603515625
36.450947416655254;-0.1156463623046875;-0.399688720703125;0.017486572265625
36.651172416633926;0.1121063232421875;0.244964599609375;0.1239013671875
36.85139741667081;0.7353515625;0.0572357177734375;2.7611236572265625
37.04161041666521;-2.23419189453125;0.950408935546875;6.07403564453125
37.24183437495958;-0.3428497314453125;-0.6699371337890625;-0.1076202392578125
37.44205837498885;0.3519744873046875;0.351959228515625;-0.1414337158203125
37.64228337496752;0.8261260986328125;-0.0528106689453125;4.8496551513671875
37.862530374957714;-0.623382568359375;0.0621795654296875;-2.1785736083984375
38.062755374994595;-0.2327880859375;-0.0670166015625;-0.2357635498046875
38.262981249950826;0.214752197265625;0.122589111328125;-0.12237548828125
38.46320724999532;0.2084197998046875;0.354217529296875;1.24066162109375
38.663432249973994;-1.3083343505859375;-0.0194091796875;-2.7530517578125
38.86365724995267;-0.3093109130859375;0.0315704345703125;-0.2473907470703125
39.06388324999716;0.4127044677734375;0.121368408203125;-0.257781982421875
39.264108125003986;0.1132659912109375;0.386993408203125;0.978668212890625
39.46433412499027;-2.648162841796875;0.25189208984375;-3.7997894287109375
39.664559124968946;-0.262603759765625;0.1209869384765625;-0.22369384765625
39.86478512495523;0.1147308349609375;0.1442108154296875;-0.2487030029296875
40.06501112499973;0.283233642578125;0.5074310302734375;0.4002532958984375
40.26523566665128;-1.68182373046875;-0.04931640625;-2.8973541259765625
40.465461666637566;-0.129180908203125;-0.0540924072265625;-0.15460205078125
40.66568666661624;0.1395721435546875;0.091064453125;-0.2840728759765625
40.86591266666073;0.29437255859375;0.3826904296875;0.54400634765625
41.06613866664702;-2.599578857421875;-0.295623779296875;-2.7377166748046875
41.26636349997716;-0.4225921630859375;0.15521240234375;-0.4127349853515625
41.46658949996345;0.1639251708984375;-0.0480804443359375;-0.117523193359375
41.66681450000033;0.132293701171875;0.2574920654296875;0.6214752197265625
41.867040499986615;-2.356475830078125;-0.490570068359375;-1.302734375
42.0672664999729;-0.2527618408203125;0.0336151123046875;-0.319366455078125
42.267491666658316;0.12591552734375;-0.05596923828125;-0.099884033203125
42.4677176666446;0.25604248046875;0.5011749267578125;0.4963836669921875
42.667942666623276;-2.6696014404296875;0.5735321044921875;-2.8214874267578125
42.86816866666777;-0.2883453369140625;-0.00054931640625;-0.2528076171875
43.06839466665406;0.1051483154296875;0.060516357421875;-0.1965789794921875
43.268619249982294;0.118927001953125;0.7181396484375;1.7086181640625
43.46884524996858;-2.38409423828125;0.593414306640625;-3.3318328857421875
43.66907025000546;-0.4163665771484375;-0.060699462890625;-0.30548095703125
43.86929624999175;0.22833251953125;0.035400390625;-0.337554931640625
44.069522249978036;0.0793914794921875;0.4876251220703125;2.266021728515625
44.269747291633394;-0.1792449951171875;0.9861602783203125;-0.5050506591796875
44.46997329161968;-0.1900634765625;-0.3424072265625;-0.25848388671875
44.67019829165656;0.041015625;0.3081207275390625;-0.135009765625
44.87042429164285;-0.1598663330078125;0.0224609375;2.3818817138671875
45.070650291629136;-0.8399658203125;0.6251678466796875;-0.3288116455078125
45.27087912498973;-0.63189697265625;-0.18463134765625;-0.098236083984375
45.47110512497602;-1.171966552734375;2.4031829833984375;-0.4947509765625
45.67133112496231;0.2437744140625;0.2060546875;0.2865753173828125
45.87155612499919;-2.0083770751953125;1.329345703125;-1.2112274169921875
46.071782124985475;-0.46746826171875;0.3823089599609375;-0.119964599609375
46.27200487500522;-1.0106658935546875;0.3709716796875;-0.1235198974609375
46.472229874983896;-1.2776336669921875;0.559356689453125;0.116546630859375
46.67245587497018;-0.326263427734375;0.6334991455078125;-0.2840728759765625
46.87268187495647;-0.3774871826171875;0.430145263671875;0.1308441162109375
47.07290687499335;-0.8386993408203125;0.8696746826171875;-0.02069091796875
47.273133374983445;-0.575927734375;0.547607421875;-0.1861724853515625
47.47335937496973;-0.964813232421875;0.3235931396484375;-0.148895263671875
47.673584374948405;-0.9708709716796875;0.49896240234375;-0.2682647705078125
47.8738103749929;-0.5929718017578125;0.9713134765625;-0.2343292236328125
48.07403637497919;-0.8050079345703125;0.558746337890625;0.091827392578125
48.27426116663264;-0.8604583740234375;0.4080047607421875;0.051361083984375
48.47448716661893;-1.7087860107421875;1.178802490234375;0.4442901611328125
48.67471216665581;-0.864227294921875;0.6569976806640625;-0.151763916015625
48.874938166642096;-0.8957977294921875;0.6385040283203125;-0.0091400146484375
49.07516416662838;-0.859771728515625;0.3666534423828125;-0.1147003173828125
49.27538837498287;-1.043487548828125;1.14483642578125;0.1568756103515625
49.475614374969155;-0.6746368408203125;0.6487579345703125;-0.163177490234375
49.67584037495544;-0.703460693359375;0.6498260498046875;0.1237640380859375
49.87606537499232;-0.9027557373046875;0.458740234375;-0.015380859375
50.07629137497861;-0.8905792236328125;0.4829864501953125;-0.08160400390625
50.27651837497251;-0.79876708984375;0.54656982421875;-0.1025238037109375
50.476743374951184;-0.8199615478515625;0.5943603515625;-0.092254638671875
50.67696937499568;-0.8381500244140625;0.58154296875;-0.0991058349609375
50.9773073749966;-0.81982421875;0.538482666015625;-0.1059112548828125
51.177533374982886;-0.8423919677734375;0.507293701171875;-0.079132080078125
51.37775899999542;-0.8431549072265625;0.5395355224609375;-0.0566253662109375
51.577983999974094;-0.854522705078125;0.4822540283203125;-0.0851898193359375
51.77820999996038;-0.848388671875;0.53369140625;-0.0860748291015625
51.97843499999726;-0.8221435546875;0.5557861328125;-0.0706329345703125
52.17866099998355;-0.822906494140625;0.5691070556640625;-0.06878662109375
52.37888679164462;-0.8406219482421875;0.51800537109375;-0.1214447021484375
52.57911179162329;-0.8102874755859375;0.58734130859375;-0.131866455078125
52.779337791667785;-0.84368896484375;0.540740966796875;-0.1179351806640625
52.97956279164646;-0.8296356201171875;0.54718017578125;-0.0926666259765625
53.179788791632745;-0.829986572265625;0.5588531494140625;-0.11029052734375
53.380013999994844;-0.798553466796875;0.5958251953125;-0.10504150390625
53.58023999998113;-0.8235321044921875;0.5733795166015625;-0.1180877685546875
53.78046599996742;-0.835113525390625;0.5283966064453125;-0.113739013671875
53.9806910000043;-0.8104095458984375;0.5714569091796875;-0.113372802734375
54.180916999990586;-0.8172760009765625;0.55267333984375;-0.116180419921875
54.38114312494872;-0.82196044921875;0.57989501953125;-0.0919189453125
54.581369124993216;-0.8184814453125;0.5637054443359375;-0.119354248046875